#Player
1 0  4.5 2 0 1.57 0

#Walls
2 0  -20 0 0  -10 17.32 0  -10 17.32 10  -20 0 10  0  0 0  20 0  20 10  0 10
2 0  -10 -17.32 0  -20 0 0  -20 0 10  -10 -17.32 10  0  0 0  20 0  20 10  0 10
2 0  20 0 10  10 17.32 10  10 17.32 0  20 0 0  0  0 0  20 0  20 10  0 10
2 0  10 -17.32 10  20 0 10  20 0 0  10 -17.32 0  0  0 0  20 0  20 10  0 10
2 0  -10 17.32 0  10 17.32 0  10 17.32 10  -10 17.32 10  0  0 0  20 0  20 10  0 10
2 0  10 -17.32 0  -10 -17.32 0  -10 -17.32 10  10 -17.32 10  0  0 0  20 0  20 10  0 10

#Floor
2 0  -10 17.32 0  -10 -17.32 0  10 -17.32 0  10 17.32 0  0  -10 17  -10 -17  10 -17  10 17
2 1  -10 17.32 0  -20 0 0  -10 -17.32 0  0  -10 17  -20 0  -10 -17
2 1  10 -17.32 0  20 0 0  10 17.32 0  0  10 -17  20 0  10 17

#Roof
2 1  -20 0 10  0 0 15  -10 -17.32 10  0  0 0  10 20  20 0
2 1  -10 -17.32 10  0 0 15  10 -17.32 10  0  0 0  10 20  20 0
2 1  10 -17.32 10  0 0 15  20 0 10  0  0 0  10 20  20 0
2 1  20 0 10  0 0 15  10 17.32 10  0  0 0  10 20  20 0
2 1  10 17.32 10  0 0 15  -10 17.32 10  0  0 0  10 20  20 0
2 1  -10 17.32 10  0 0 15  -20 0 10  0  0 0  10 20  20 0

#Turrets
#1 1  -8 0 0
#1 1  -6 0 0
#1 1  -4 0 0
#1 3  -2 0 0
#1 3  0 0 0
#1 3  2 0 0
#1 3  4 0 0
#1 3  6 0 0
#1 3  8 0 0

#Spawn points
3  -16 0 1
3  -8 14 1
3  8 14 1
3  16 0 1
3  8 -14 1
3  -8 -14 1

#Spawn waves
4 0
2 2
1 3 0
0

4 0
2 2
1 3 1
0

4 0
2 2
1 3 2
0

4 0
2 2
1 3 3
0

4 0
2 2
1 3 4
0

4 0
2 2
1 3 5
0

4 1
2 2
1 3 0
2 4
1 3 1
2 4
1 3 2
2 4
1 3 3
2 4
1 3 4
2 4
1 3 5
0

4 1
1 3 0
1 3 3
0

4 2
2 1
1 3 0
1 3 1
1 3 2
1 3 3
1 3 4
1 3 5
0

4 2
2 3
1 3 0
1 3 3
2 3
1 3 1
1 3 4
2 3
1 3 2
1 3 5
2 3
1 3 0
1 3 3
2 3
1 3 1
1 3 4
2 3
1 3 2
1 3 5
0

4 3
2 1
1 3 0
1 3 1
1 3 2
1 3 3
1 3 4
1 3 5
2 1
1 3 0
1 3 1
1 3 2
1 3 3
1 3 4
1 3 5
2 1
1 3 0
1 3 1
1 3 2
1 3 3
1 3 4
1 3 5
0

4 3
2 1
1 3 0
2 0.2
1 3 0
2 0.2
1 3 0
2 0.2
1 3 0
2 0.2
1 3 0
2 0.2
1 3 0
2 0.2
1 3 0
2 0.2
1 3 0
2 0.2
1 3 0
2 0.2
1 4 0
2 0.2
1 4 0
2 0.2
1 4 0
2 0.2
1 4 0
2 0.2
1 4 0
2 0.2
1 4 0
2 0.2
1 4 0
2 0.2
1 4 0
2 0.2
1 4 0
2 0.2
0
