#Player
1 0  4.5 2 0 1.57 0

#Entrance
2 0  0 0 0  9 0 0  9 5 0  0 5 0  0  0 0  9 0  9 5  0 5
2 0  0 5 0  9 5 0  9 5 -3  0 5 -3  0  0 3  9 3  9 0  0 0

#Exit
2 0  0 19 0  9 19 0  9 24 0  0 24 0  0  0 0  9 0  9 5  0 5
2 0  9 19 0  0 19 0  0 19 -3  9 19 -3  0  0 3  9 3  9 0  0 0

#Pit
2 0  0 5 -3  9 5 -3  9 19 -3  0 19 -3  0  0 0  9 0  9 14  0 14

#Ceiling
2 0  9 0 5  0 0 5  0 24 5  9 24 5  0  0 0  9 0  9 24  0 24

#Walls
2 0  0 0 0  0 0 5  9 0 5  9 0 0  0  0 0  0 5  9 5  9 0
2 0  0 0 -3  0 24 -3  0 24 5  0 0 5  0  0 0  24 0  24 8  0 8

2 0  9 24 0  9 24 5  0 24 5  0 24 0  0  0 0  0 5  9 5  9 0
2 0  9 24 -3  9 0 -3  9 0 5  9 24 5  0  0 0  24 0  24 8  0 8

#Ramp
2 0  0 5 0  2 5 0  2 9 -3  0 9 -3  0  0 0  2 0  2 5  0 5
2 1  2 5 0  2 5 -3  2 9 -3  0  0 0  0 3  4 3

#Platform 1
2 0  3 7 0  6 7 0  6 9 0  3 9 0  0  0 0  3 0  3 2  0 2
2 0  3 9 -0.5  6 9 -0.5  6 7 -0.5  3 7 -0.5  0  0 0  3 0  3 2  0 2

2 0  6 7 0  3 7 0  3 7 -0.5  6 7 -0.5  0  0 0  3 0  3 1  0 1
2 0  3 9 0  6 9 0  6 9 -0.5  3 9 -0.5  0  0 0  3 0  3 1  0 1

2 0  3 7 0  3 9 0  3 9 -0.5  3 7 -0.5  0  0 0  2 0  2 1  0 1
2 0  6 9 0  6 7 0  6 7 -0.5  6 9 -0.5  0  0 0  2 0  2 1  0 1

1 1  5.5 8 0
1 1  3.5 8 0

#Pillar
2 0  4 7.5 -0.5  4 7.5 -3  5 7.5 -3  5 7.5 -0.5  0  0 3  0 0  1 0  1 3
2 0  5 8.5 -0.5  5 8.5 -3  4 8.5 -3  4 8.5 -0.5  0  0 3  0 0  1 0  1 3

2 0  4 7.5 -0.5  4 8.5 -0.5  4 8.5 -3  4 7.5 -3  0  0 0  1 0  1 3  0 3
2 0  5 8.5 -0.5  5 7.5 -0.5  5 7.5 -3  5 8.5 -3  0  0 0  1 0  1 3  0 3

#Platform 2
2 0  3 11 0  6 11 0  6 13 0  3 13 0  0  0 0  3 0  3 2  0 2
2 0  3 13 -0.5  6 13 -0.5  6 11 -0.5  3 11 -0.5  0  0 0  3 0  3 2  0 2

2 0  6 11 0  3 11 0  3 11 -0.5  6 11 -0.5  0  0 0  3 0  3 1  0 1
2 0  3 13 0  6 13 0  6 13 -0.5  3 13 -0.5  0  0 0  3 0  3 1  0 1

2 0  3 11 0  3 13 0  3 13 -0.5  3 11 -0.5  0  0 0  2 0  2 1  0 1
2 0  6 13 0  6 11 0  6 11 -0.5  6 13 -0.5  0  0 0  2 0  2 1  0 1

1 1  3.5 12 0
1 1  4.5 12 0

#Pillar
2 0  4 11.5 -0.5  4 11.5 -3  5 11.5 -3  5 11.5 -0.5  0  0 3  0 0  1 0  1 3
2 0  5 12.5 -0.5  5 12.5 -3  4 12.5 -3  4 12.5 -0.5  0  0 3  0 0  1 0  1 3

2 0  4 11.5 -0.5  4 12.5 -0.5  4 12.5 -3  4 11.5 -3  0  0 0  1 0  1 3  0 3
2 0  5 12.5 -0.5  5 11.5 -0.5  5 11.5 -3  5 12.5 -3  0  0 0  1 0  1 3  0 3

#Platform 3
2 0  3 15 0  6 15 0  6 17 0  3 17 0  0  0 0  3 0  3 2  0 2
2 0  3 17 -0.5  6 17 -0.5  6 15 -0.5  3 15 -0.5  0  0 0  3 0  3 2  0 2

2 0  6 15 0  3 15 0  3 15 -0.5  6 15 -0.5  0  0 0  3 0  3 1  0 1
2 0  3 17 0  6 17 0  6 17 -0.5  3 17 -0.5  0  0 0  3 0  3 1  0 1

2 0  3 15 0  3 17 0  3 17 -0.5  3 15 -0.5  0  0 0  2 0  2 1  0 1
2 0  6 17 0  6 15 0  6 15 -0.5  6 17 -0.5  0  0 0  2 0  2 1  0 1

1 1  4.5 16 0
1 1  5.5 16 0

#Pillar
2 0  4 15.5 -0.5  4 15.5 -3  5 15.5 -3  5 15.5 -0.5  0  0 3  0 0  1 0  1 3
2 0  5 16.5 -0.5  5 16.5 -3  4 16.5 -3  4 16.5 -0.5  0  0 3  0 0  1 0  1 3

2 0  4 15.5 -0.5  4 16.5 -0.5  4 16.5 -3  4 15.5 -3  0  0 0  1 0  1 3  0 3
2 0  5 16.5 -0.5  5 15.5 -0.5  5 15.5 -3  5 16.5 -3  0  0 0  1 0  1 3  0 3

#Turret

1 2  4.5 20 0

4 0
2 2
0

4 1
2 2
0

4 2
2 2
0

4 3
2 2
0

4 4
2 2
0

4 5
2 2
0
